-0.0792,-0.9913,-0.6103,0.8561,0.7708,0.0249,-0.2490,0.6134,0.4649
-0.9913,0.1141,0.9099,-0.6573,-0.0421,0.4054,-0.9336,0.9706,0.6596
-0.6103,0.9099,0.4051,-0.0041,-0.1404,-0.3676,0.8896,-0.9412,0.7033
0.8561,-0.6573,-0.0041,0.8262,-0.2255,-0.7709,-0.6943,-0.5397,-0.3608
0.7708,-0.0421,-0.1404,-0.2255,-0.2707,0.2999,-0.6054,0.4714,-0.9616
0.0249,0.4054,-0.3676,-0.7709,0.2999,-0.4431,0.9172,0.4109,0.9352
-0.2490,-0.9336,0.8896,-0.6943,-0.6054,0.9172,0.9519,0.8080,-0.0524
0.6134,0.9706,-0.9412,-0.5397,0.4714,0.4109,0.8080,0.0742,0.6392
0.4649,0.6596,0.7033,-0.3608,-0.9616,0.9352,-0.0524,0.6392,-0.9498
