0.2309,0.9264,0.4810,0.8240,0.8698,-0.4854,-0.5215,0.3640,-0.2419
0.9264,0.1573,-0.9989,-0.3612,0.8326,0.3801,-0.9130,0.9501,-0.2762
0.4810,-0.9989,-0.5575,-0.2871,-0.1690,-0.5347,-0.1251,-0.0106,-0.7348
0.8240,-0.3612,-0.2871,-0.0925,0.8089,0.8821,-0.1995,-0.5192,-0.0293
0.8698,0.8326,-0.1690,0.8089,-0.7470,-0.1730,-0.7694,-0.7973,0.4713
-0.4854,0.3801,-0.5347,0.8821,-0.1730,0.9962,0.8889,-0.5057,-0.8339
-0.5215,-0.9130,-0.1251,-0.1995,-0.7694,0.8889,0.2469,-0.4074,-0.4771
0.3640,0.9501,-0.0106,-0.5192,-0.7973,-0.5057,-0.4074,-0.6813,-0.7906
-0.2419,-0.2762,-0.7348,-0.0293,0.4713,-0.8339,-0.4771,-0.7906,0.5574
