-0.8874,-0.5432,0.4297,0.3970,0.3888,0.9020,-0.6481,-0.9560,0.4313
-0.5432,-0.4970,-0.6837,-0.2553,-0.4290,0.9104,-0.1814,-0.8906,0.7157
0.4297,-0.6837,-0.8944,0.9997,-0.9653,0.8631,-0.3211,-0.5991,-0.3266
0.3970,-0.2553,0.9997,0.5400,0.3670,-0.7192,0.3543,-0.4128,-0.5623
0.3888,-0.4290,-0.9653,0.3670,0.3959,-0.1278,0.9287,-0.9524,0.6702
0.9020,0.9104,0.8631,-0.7192,-0.1278,-0.7271,0.0092,0.7685,0.3518
-0.6481,-0.1814,-0.3211,0.3543,0.9287,0.0092,-0.8822,0.5890,-0.7453
-0.9560,-0.8906,-0.5991,-0.4128,-0.9524,0.7685,0.5890,0.8505,-0.5728
0.4313,0.7157,-0.3266,-0.5623,0.6702,0.3518,-0.7453,-0.5728,-0.0553
