-0.1766,0.1188,0.5938,0.7221,-0.2349,-0.9032,-0.4345,0.8076,0.1958
0.1188,-0.1122,-0.2765,0.3122,0.2872,-0.5758,-0.1708,0.1668,0.6477
0.5938,-0.2765,-0.4282,0.4783,-0.8253,-0.9739,-0.6839,-0.0565,-0.3949
0.7221,0.3122,0.4783,0.9045,0.4465,0.0213,-0.9893,-0.6495,0.7269
-0.2349,0.2872,-0.8253,0.4465,-0.1001,-0.8986,0.0939,-0.1425,-0.1005
-0.9032,-0.5758,-0.9739,0.0213,-0.8986,-0.6997,0.0311,-0.8197,-0.3899
-0.4345,-0.1708,-0.6839,-0.9893,0.0939,0.0311,0.2472,0.8425,0.8636
0.8076,0.1668,-0.0565,-0.6495,-0.1425,-0.8197,0.8425,0.7775,0.8955
0.1958,0.6477,-0.3949,0.7269,-0.1005,-0.3899,0.8636,0.8955,0.7618
