0.9275,0.1878,0.2558,0.7677,0.3190,-0.0985,0.6917,-0.5243,-0.7056
0.1878,-0.3682,0.3125,-0.6445,-0.0118,-0.0064,-0.1206,0.4452,-0.8170
0.2558,0.3125,0.6661,-0.4842,-0.6238,-0.1298,0.7364,-0.0333,0.7104
0.7677,-0.6445,-0.4842,0.9332,-0.1599,-0.5549,-0.9210,-0.6923,-0.6141
0.3190,-0.0118,-0.6238,-0.1599,0.3665,-0.7113,-0.0604,-0.5448,0.4676
-0.0985,-0.0064,-0.1298,-0.5549,-0.7113,-0.5096,-0.7441,-0.5727,-0.5916
0.6917,-0.1206,0.7364,-0.9210,-0.0604,-0.7441,0.7283,-0.3483,-0.4272
-0.5243,0.4452,-0.0333,-0.6923,-0.5448,-0.5727,-0.3483,-0.0444,0.2969
-0.7056,-0.8170,0.7104,-0.6141,0.4676,-0.5916,-0.4272,0.2969,-0.1492
