0.4345,0.4542,-0.6904,-0.1935,-0.3622,0.6942,0.6227,0.4603,-0.6079
0.4542,-0.0070,0.5379,0.2036,-0.8774,-0.6651,-0.3794,0.9714,0.1881
-0.6904,0.5379,-0.6235,0.1037,0.9066,0.9606,0.8243,-0.9381,0.3534
-0.1935,0.2036,0.1037,0.8217,0.6731,0.2927,-0.5411,-0.3325,-0.0763
-0.3622,-0.8774,0.9066,0.6731,-0.8028,0.9850,0.0531,-0.9987,-0.6437
0.6942,-0.6651,0.9606,0.2927,0.9850,0.7855,-0.1773,-0.2839,-0.3306
0.6227,-0.3794,0.8243,-0.5411,0.0531,-0.1773,0.1827,0.0133,0.5439
0.4603,0.9714,-0.9381,-0.3325,-0.9987,-0.2839,0.0133,-0.2956,0.8262
-0.6079,0.1881,0.3534,-0.0763,-0.6437,-0.3306,0.5439,0.8262,-0.9268
