0.4123,-0.8254,-0.9144,0.7526,-0.5887,-0.4166,-0.0498,0.5663,-0.6463
-0.8254,-0.1826,-0.0750,0.8991,-0.5710,-0.5395,-0.1043,-0.6537,-0.7077
-0.9144,-0.0750,0.2216,0.0358,0.0834,-0.8328,0.7694,-0.0932,0.9431
0.7526,0.8991,0.0358,-0.1238,-0.6833,0.8735,-0.3565,0.5712,-0.7396
-0.5887,-0.5710,0.0834,-0.6833,0.9792,0.6906,0.4697,0.8862,0.5823
-0.4166,-0.5395,-0.8328,0.8735,0.6906,0.4201,0.2939,-0.5881,-0.9202
-0.0498,-0.1043,0.7694,-0.3565,0.4697,0.2939,0.5808,-0.5675,-0.6588
0.5663,-0.6537,-0.0932,0.5712,0.8862,-0.5881,-0.5675,-0.1774,-0.3223
-0.6463,-0.7077,0.9431,-0.7396,0.5823,-0.9202,-0.6588,-0.3223,0.8908
