0.5582,0.4684,-0.9308,0.8925,0.0115,0.9000,0.9612,0.8623,-0.2361
0.4684,0.0982,-0.7404,-0.2806,0.7634,0.7394,0.9951,-0.8231,0.6741
-0.9308,-0.7404,-0.8937,-0.4993,0.6140,-0.7999,-0.6380,0.2284,0.7981
0.8925,-0.2806,-0.4993,0.6032,0.8800,-0.8589,0.2933,-0.3111,-0.1149
0.0115,0.7634,0.6140,0.8800,-0.5619,0.2813,-0.9194,-0.0667,-0.5233
0.9000,0.7394,-0.7999,-0.8589,0.2813,-0.1074,0.6673,-0.6074,-0.1990
0.9612,0.9951,-0.6380,0.2933,-0.9194,0.6673,-0.0893,-0.7373,0.8924
0.8623,-0.8231,0.2284,-0.3111,-0.0667,-0.6074,-0.7373,-0.7725,-0.8510
-0.2361,0.6741,0.7981,-0.1149,-0.5233,-0.1990,0.8924,-0.8510,-0.2568
