-0.0280,0.0484,0.9031,-0.0779,0.2757,-0.6250,-0.9961,-0.7661,0.1055
0.0484,0.4737,-0.7307,0.5558,0.6478,-0.1912,0.1656,0.0168,-0.1130
0.9031,-0.7307,0.0342,0.8960,-0.8432,-0.5763,0.5939,-0.1780,0.8550
-0.0779,0.5558,0.8960,0.6468,-0.3864,0.2700,0.3408,-0.2746,-0.0959
0.2757,0.6478,-0.8432,-0.3864,0.8540,0.9617,0.9447,-0.5316,0.7319
-0.6250,-0.1912,-0.5763,0.2700,0.9617,-0.1665,0.7147,0.1140,-0.7086
-0.9961,0.1656,0.5939,0.3408,0.9447,0.7147,0.4196,0.9121,0.5041
-0.7661,0.0168,-0.1780,-0.2746,-0.5316,0.1140,0.9121,0.5840,-0.6626
0.1055,-0.1130,0.8550,-0.0959,0.7319,-0.7086,0.5041,-0.6626,0.8580
